[[[ 65  55  51]
  [ 65  55  51]
  [ 65  55  51]
  ...
  [ 62  51  41]
  [ 62  50  41]
  [ 62  50  41]]

 [[ 65  55  51]
  [ 65  55  51]
  [ 65  55  51]
  ...
  [ 62  51  41]
  [ 62  50  41]
  [ 62  50  41]]

 [[ 65  55  51]
  [ 65  55  51]
  [ 65  55  51]
  ...
  [ 62  50  41]
  [ 62  50  41]
  [ 62  50  41]]

 ...

 [[251 251 251]
  [251 251 251]
  [251 251 251]
  ...
  [236 236 236]
  [228 228 228]
  [242 242 242]]

 [[251 251 251]
  [251 251 251]
  [251 251 251]
  ...
  [242 242 242]
  [242 242 242]
  [242 242 242]]

 [[251 251 251]
  [251 251 251]
  [251 251 251]
  ...
  [242 242 242]
  [242 242 242]
  [242 242 242]]]